5000, 84, 26597
5000, 81, 26787
10000, 80, 49256
15000, 85, 70017
20000, 89, 90638
25000, 83, 110367
30000, 95, 130027
35000, 90, 149174
40000, 86, 168753
45000, 82, 187804
50000, 87, 206115
55000, 85, 224251
60000, 86, 241865
65000, 86, 260672
70000, 90, 278685
75000, 84, 296814
80000, 88, 314720
85000, 89, 331057
90000, 78, 348795
95000, 86, 366811
100000, 88, 383625
105000, 83, 401388
110000, 89, 418575
115000, 83, 436222
120000, 85, 453137
125000, 89, 470434
130000, 79, 487745
135000, 84, 504711
140000, 87, 521732
145000, 86, 539233
150000, 82, 556690
155000, 83, 573032
160000, 85, 589263
165000, 85, 605332
170000, 85, 621605
175000, 87, 638046
180000, 85, 654397
185000, 87, 670614
190000, 84, 687599
195000, 88, 703462
200000, 89, 720222
205000, 91, 735795
210000, 88, 752414
215000, 92, 768169
220000, 85, 783814
225000, 88, 800275
230000, 85, 816571
235000, 83, 832145
240000, 89, 847884
245000, 86, 863608
250000, 93, 879760
255000, 89, 895288
260000, 84, 910854
265000, 86, 926483
270000, 90, 941963
275000, 90, 956958
280000, 92, 972819
285000, 90, 988332
290000, 88, 1003982
295000, 93, 1019079
300000, 88, 1034444
305000, 91, 1049514
310000, 84, 1065060
315000, 82, 1080977
320000, 87, 1096728
325000, 91, 1111599
330000, 91, 1126540
335000, 85, 1142516
340000, 88, 1158388
345000, 81, 1173522
350000, 94, 1188454
355000, 90, 1203512
360000, 87, 1218671
365000, 85, 1234608
370000, 88, 1249752
375000, 89, 1264972
380000, 85, 1279635
385000, 92, 1294657
390000, 86, 1309700
395000, 86, 1324781
400000, 87, 1338941
405000, 87, 1353777
410000, 88, 1369115
415000, 95, 1384170
420000, 91, 1399118
425000, 90, 1413896
430000, 81, 1428212
435000, 85, 1443119
440000, 79, 1457335
445000, 95, 1471831
450000, 86, 1486404
455000, 90, 1501544
460000, 86, 1515995
465000, 90, 1530865
470000, 86, 1545537
475000, 84, 1560111
480000, 92, 1574502
485000, 84, 1589417
490000, 86, 1604150
495000, 86, 1619696
500000, 81, 1634642
505000, 88, 1649150
510000, 85, 1663109
515000, 90, 1678213
520000, 91, 1692332
525000, 84, 1706805
530000, 91, 1721194
535000, 87, 1735471
540000, 85, 1749333
545000, 93, 1763890
550000, 86, 1778628
555000, 85, 1793338
560000, 87, 1807399
565000, 85, 1821912
570000, 87, 1836120
575000, 82, 1850405
580000, 95, 1864887
585000, 91, 1878845
590000, 83, 1893267
595000, 88, 1907424
600000, 87, 1921357
605000, 90, 1935542
610000, 87, 1949619
615000, 86, 1964425
620000, 93, 1978462
625000, 88, 1992615
630000, 82, 2006460
635000, 88, 2020235
640000, 84, 2034345
645000, 93, 2048282
650000, 87, 2062648
655000, 89, 2076554
660000, 86, 2090243
665000, 90, 2104368
670000, 89, 2118137
675000, 92, 2132325
680000, 87, 2147316
685000, 93, 2161218
690000, 91, 2175455
695000, 85, 2189992
700000, 89, 2203313
705000, 82, 2217055
710000, 89, 2231083
715000, 92, 2245108
720000, 85, 2259017
725000, 91, 2272979
730000, 91, 2287057
735000, 85, 2300815
740000, 90, 2314851
745000, 89, 2328471
750000, 85, 2342398
755000, 87, 2355955
760000, 82, 2369901
765000, 90, 2383709
770000, 90, 2397770
775000, 82, 2411790
780000, 92, 2426009
785000, 94, 2440489
790000, 92, 2454647
795000, 90, 2468253
800000, 89, 2481997
805000, 93, 2495793
810000, 91, 2509338
815000, 96, 2523345
820000, 91, 2537461
825000, 87, 2550583
830000, 89, 2564381
835000, 81, 2578275
840000, 89, 2592206
845000, 91, 2605964
850000, 88, 2619623
855000, 84, 2632985
860000, 91, 2646622
865000, 86, 2659772
870000, 89, 2673160
875000, 85, 2686797
880000, 90, 2700449
885000, 91, 2713644
890000, 88, 2726801
895000, 92, 2740435
900000, 85, 2753819
905000, 86, 2767550
910000, 91, 2780844
915000, 96, 2794712
920000, 91, 2807891
925000, 87, 2821372
930000, 88, 2834205
935000, 89, 2847151
940000, 88, 2860393
945000, 92, 2874342
950000, 85, 2888445
955000, 89, 2902210
960000, 86, 2915533
965000, 89, 2928845
970000, 89, 2941809
975000, 84, 2954988
980000, 89, 2968241
985000, 88, 2982310
990000, 92, 2996302
995000, 86, 3009507
1000000, 90, 3022563
1005000, 85, 3035444
1010000, 91, 3048821
1015000, 86, 3061987
1020000, 91, 3075473
1025000, 90, 3088625
1030000, 86, 3101849
1035000, 86, 3114941
1040000, 90, 3128467
1045000, 86, 3141320
1050000, 90, 3154342
1055000, 91, 3167446
1060000, 90, 3180643
1065000, 88, 3194046
1070000, 87, 3207399
1075000, 87, 3220729
1080000, 90, 3233827
1085000, 92, 3247695
1090000, 82, 3261159
1095000, 91, 3274517
1100000, 85, 3287338
1105000, 84, 3300148
1110000, 90, 3313512
1115000, 88, 3326393
1120000, 85, 3339237
1125000, 92, 3351821
1130000, 91, 3364816
1135000, 92, 3377436
1140000, 90, 3390927
1145000, 91, 3404507
1150000, 90, 3417075
1155000, 92, 3430114
1160000, 87, 3443548
1165000, 93, 3456710
1170000, 88, 3470339
1175000, 88, 3483585
1180000, 93, 3496665
1185000, 86, 3509681
1190000, 94, 3522586
1195000, 89, 3535338
1200000, 90, 3548163
1205000, 94, 3561090
1210000, 87, 3574036
1215000, 88, 3587309
1220000, 94, 3600053
1225000, 89, 3613300
1230000, 88, 3626667
1235000, 90, 3639669
1240000, 87, 3652844
1245000, 91, 3665959
1250000, 88, 3678652
1255000, 93, 3691748
1260000, 83, 3705531
1265000, 91, 3719098
1270000, 93, 3732032
1275000, 90, 3744711
1280000, 92, 3757205
1285000, 85, 3769682
1290000, 89, 3782887
1295000, 90, 3796599
1300000, 89, 3809282
1305000, 88, 3821849
1310000, 87, 3834329
1315000, 84, 3847265
1320000, 86, 3860449
1325000, 86, 3873152
1330000, 89, 3886420
1335000, 93, 3899675
1340000, 90, 3912293
1345000, 92, 3924891
1350000, 91, 3937845
1355000, 88, 3950463
1360000, 91, 3962810
1365000, 90, 3974855
1370000, 89, 3987562
1375000, 90, 3999673
1380000, 88, 4012938
1385000, 91, 4026026
1390000, 87, 4038534
1395000, 87, 4051684
1400000, 88, 4064138
1405000, 91, 4076390
1410000, 86, 4088954
1415000, 91, 4102212
1420000, 84, 4115170
1425000, 96, 4128055
1430000, 80, 4140995
1435000, 86, 4152951
1440000, 88, 4165392
1445000, 89, 4177592
1450000, 82, 4190080
1455000, 90, 4202719
1460000, 89, 4215212
1465000, 87, 4228182
1470000, 91, 4240704
1475000, 90, 4253261
1480000, 92, 4265895
1485000, 86, 4278085
1490000, 88, 4290291
1495000, 93, 4302671
1500000, 90, 4315030
1505000, 88, 4327172
1510000, 87, 4340046
1515000, 91, 4353137
1520000, 90, 4366095
1525000, 92, 4378699
1530000, 86, 4391327
1535000, 86, 4403809
1540000, 85, 4416279
1545000, 88, 4429000
1550000, 87, 4442072
1555000, 88, 4454495
1560000, 90, 4466961
1565000, 86, 4480100
1570000, 91, 4493098
1575000, 91, 4505716
1580000, 87, 4518312
1585000, 87, 4531568
1590000, 83, 4544081
1595000, 89, 4556790
1600000, 90, 4569721
1605000, 93, 4582417
1610000, 94, 4594562
1615000, 88, 4607119
1620000, 87, 4619294
1625000, 92, 4631855
1630000, 92, 4644254
1635000, 91, 4656424
1640000, 91, 4668527
1645000, 87, 4680806
1650000, 87, 4693495
1655000, 87, 4705794
1660000, 87, 4718134
1665000, 86, 4730270
1670000, 91, 4742630
1675000, 92, 4754829
1680000, 92, 4767564
1685000, 91, 4780208
1690000, 87, 4793086
1695000, 87, 4805366
1700000, 86, 4817468
1705000, 91, 4829970
1710000, 93, 4842378
1715000, 92, 4854663
1720000, 92, 4867384
1725000, 86, 4879876
1730000, 81, 4892441
1735000, 93, 4905158
1740000, 91, 4917687
1745000, 91, 4929725
1750000, 91, 4942066
1755000, 88, 4954360
1760000, 92, 4966711
1765000, 87, 4979130
1770000, 89, 4991892
1775000, 90, 5003819
1780000, 85, 5016561
1785000, 91, 5029034
1790000, 81, 5041724
1795000, 88, 5054793
1800000, 94, 5067259
1805000, 87, 5079665
1810000, 92, 5091549
1815000, 92, 5104206
1820000, 91, 5115705
1825000, 82, 5127719
1830000, 91, 5139644
1835000, 86, 5152211
1840000, 87, 5164878
1845000, 77, 5176890
1850000, 92, 5188905
1855000, 91, 5200891
1860000, 95, 5212854
1865000, 87, 5224723
1870000, 87, 5237269
1875000, 92, 5249506
1880000, 94, 5261268
1885000, 93, 5273381
1890000, 89, 5285853
1895000, 92, 5298074
1900000, 88, 5309866
1905000, 92, 5321859
1910000, 85, 5334733
1915000, 92, 5347100
1920000, 90, 5360252
1925000, 91, 5372283
1930000, 87, 5384945
1935000, 89, 5396731
1940000, 92, 5408661
1945000, 90, 5421133
1950000, 90, 5433971
1955000, 96, 5446199
1960000, 84, 5458499
1965000, 82, 5471059
1970000, 94, 5482983
1975000, 87, 5494843
1980000, 86, 5507063
1985000, 91, 5519458
1990000, 91, 5532237
1995000, 92, 5544797
2000000, 90, 5557089
2005000, 85, 5569157
2010000, 88, 5581430
2015000, 88, 5594077
2020000, 89, 5606429
2025000, 93, 5618854
2030000, 88, 5630811
2035000, 89, 5643425
2040000, 85, 5655038
2045000, 86, 5667333
2050000, 88, 5679544
2055000, 92, 5691861
2060000, 90, 5703391
2065000, 89, 5715450
2070000, 86, 5727085
2075000, 90, 5739741
2080000, 94, 5752267
2085000, 92, 5764614
2090000, 90, 5776514
2095000, 87, 5788275
2100000, 94, 5800155
2105000, 88, 5811945
2110000, 87, 5824001
2115000, 95, 5836181
2120000, 86, 5847986
2125000, 88, 5859837
2130000, 93, 5872078
2135000, 91, 5884768
2140000, 90, 5896591
2145000, 90, 5908813
2150000, 95, 5921159
2155000, 90, 5933609
2160000, 93, 5945640
2165000, 94, 5957565
2170000, 95, 5969391
2175000, 89, 5980785
2180000, 87, 5992784
2185000, 93, 6004518
2190000, 88, 6016825
2195000, 84, 6028365
2200000, 91, 6040605
2205000, 86, 6052437
2210000, 86, 6063863
2215000, 92, 6076077
2220000, 91, 6087914
2225000, 89, 6100208
2230000, 91, 6112308
2235000, 88, 6123352
2240000, 92, 6135655
2245000, 87, 6147944
2250000, 87, 6159634
2255000, 89, 6171515
2260000, 92, 6183698
2265000, 91, 6195126
2270000, 88, 6207119
2275000, 93, 6219243
2280000, 94, 6231115
2285000, 92, 6242852
2290000, 93, 6254487
2295000, 85, 6266752
2300000, 87, 6279016
2305000, 89, 6290792
2310000, 94, 6302844
2315000, 88, 6314290
2320000, 91, 6326291
2325000, 92, 6337817
2330000, 92, 6349926
2335000, 90, 6361992
2340000, 89, 6374310
2345000, 94, 6386412
2350000, 93, 6397991
2355000, 92, 6409911
2360000, 91, 6421421
2365000, 88, 6433462
2370000, 88, 6445579
2375000, 89, 6457592
2380000, 90, 6469268
2385000, 90, 6481689
2390000, 93, 6493159
2395000, 87, 6505103
2400000, 89, 6516952
2405000, 89, 6528940
2410000, 90, 6540452
2415000, 92, 6552906
2420000, 85, 6564646
2425000, 89, 6576215
2430000, 89, 6587955
2435000, 91, 6599838
2440000, 88, 6611093
2445000, 89, 6622557
2450000, 91, 6634003
2455000, 86, 6645501
2460000, 85, 6657045
2465000, 86, 6668801
2470000, 83, 6681295
2475000, 90, 6692951
2480000, 86, 6704845
2485000, 88, 6716875
2490000, 92, 6728573
2495000, 90, 6740211
2500000, 88, 6752370
2505000, 89, 6763960
2510000, 86, 6775580
2515000, 92, 6787058
2520000, 91, 6798860
2525000, 88, 6810349
2530000, 91, 6822080
2535000, 92, 6833908
2540000, 89, 6845709
2545000, 92, 6857227
2550000, 91, 6868976
2555000, 89, 6880409
2560000, 93, 6892276
2565000, 85, 6904173
2570000, 93, 6915694
2575000, 91, 6927517
2580000, 93, 6938842
2585000, 89, 6950811
2590000, 87, 6962590
2595000, 92, 6975029
2600000, 84, 6986585
2605000, 97, 6997868
2610000, 85, 7009122
2615000, 96, 7020884
2620000, 92, 7033011
2625000, 91, 7044445
2630000, 91, 7056133
2635000, 92, 7067665
2640000, 85, 7079275
2645000, 91, 7090812
2650000, 85, 7102590
2655000, 88, 7113459
2660000, 85, 7125178
2665000, 92, 7136330
2670000, 87, 7148141
2675000, 96, 7159937
2680000, 88, 7170806
