5000, 60
10000, 56
15000, 60
20000, 60
25000, 58
30000, 52
35000, 48
40000, 54
45000, 54
50000, 52
55000, 58
60000, 50
65000, 51
70000, 56
75000, 53
80000, 44
85000, 61
90000, 61
95000, 51
100000, 51
105000, 55
110000, 47
115000, 53
120000, 60
125000, 56
130000, 59
135000, 51
140000, 49
145000, 55
150000, 51
155000, 59
160000, 46
165000, 56
170000, 46
175000, 51
180000, 62
185000, 53
190000, 50
195000, 59
200000, 59
205000, 48
210000, 55
215000, 40
220000, 50
225000, 54
230000, 47
235000, 57
240000, 50
245000, 56
250000, 54
255000, 51
260000, 57
265000, 56
270000, 55
275000, 65
280000, 53
285000, 51
290000, 58
295000, 56
300000, 52
305000, 49
310000, 60
315000, 51
320000, 60
325000, 58
330000, 59
335000, 54
340000, 57
345000, 47
350000, 63
355000, 62
360000, 50
365000, 56
370000, 50
375000, 57
380000, 55
385000, 57
390000, 50
395000, 56
400000, 47
405000, 55
410000, 63
415000, 55
420000, 58
425000, 53
430000, 61
435000, 51
440000, 54
445000, 50
450000, 56
0, 0
5000, 56
10000, 44
15000, 52
20000, 49
25000, 46
30000, 52
35000, 56
40000, 55
45000, 40
50000, 57
55000, 51
60000, 52
65000, 55
70000, 42
75000, 46
80000, 55
85000, 61
90000, 57
95000, 53
100000, 57
105000, 46
110000, 62
115000, 57
120000, 54
125000, 47
130000, 53
135000, 53
140000, 54
145000, 45
150000, 54
155000, 53
160000, 54
165000, 51
170000, 57
175000, 53
180000, 65
185000, 50
190000, 61
195000, 56
200000, 53
205000, 50
210000, 59
215000, 50
220000, 47
225000, 51
230000, 58
235000, 66
240000, 57
245000, 51
250000, 51
255000, 47
260000, 51
265000, 55
270000, 68
275000, 58
280000, 59
285000, 58
290000, 55
295000, 59
300000, 57
305000, 55
310000, 56
315000, 52
320000, 49
325000, 51
330000, 58
335000, 55
340000, 64
345000, 57
350000, 49
355000, 54
360000, 50
365000, 57
370000, 51
375000, 59
380000, 58
385000, 54
390000, 63
395000, 48
400000, 49
405000, 53
410000, 56
415000, 60
420000, 56
425000, 58
430000, 56
435000, 57
440000, 54
445000, 50
450000, 47
455000, 58
460000, 56
465000, 58
470000, 56
475000, 54
480000, 46
485000, 53
490000, 56
495000, 61
500000, 64
505000, 48
510000, 53
515000, 57
520000, 48
525000, 55
530000, 50
535000, 57
540000, 56
545000, 54
550000, 54
555000, 56
560000, 55
