0, 0
5000, 58
10000, 50
15000, 58
20000, 46
25000, 51
30000, 53
35000, 56
40000, 56
45000, 51
50000, 57
55000, 53
60000, 59
65000, 61
70000, 60
75000, 53
80000, 45
85000, 55
90000, 54
95000, 48
100000, 57
105000, 52
110000, 46
115000, 50
120000, 57
125000, 60
130000, 53
135000, 59
140000, 54
145000, 55
150000, 55
155000, 51
160000, 48
165000, 54
170000, 58
175000, 56
180000, 54
185000, 48
190000, 57
195000, 56
200000, 52
205000, 59
210000, 46
215000, 47
220000, 54
225000, 48
230000, 58
235000, 62
240000, 64
245000, 57
250000, 57
255000, 63
260000, 62
265000, 67
270000, 58
275000, 48
280000, 50
285000, 51
290000, 56
295000, 60
300000, 50
305000, 53
310000, 51
315000, 53
320000, 49
325000, 60
330000, 58
335000, 59
340000, 61
345000, 55
350000, 47
355000, 55
360000, 57
365000, 53
370000, 55
375000, 48
380000, 48
385000, 49
390000, 57
395000, 53
400000, 53
405000, 56
410000, 51
415000, 55
420000, 47
425000, 51
430000, 60
435000, 60
