5000, 77, 19583
10000, 88, 36020
15000, 84, 52099
20000, 91, 67259
25000, 86, 81951
30000, 89, 96245
35000, 88, 110407
40000, 86, 124195
45000, 83, 137866
50000, 82, 151131
55000, 83, 165104
60000, 83, 178307
65000, 85, 191428
70000, 86, 204196
75000, 93, 216709
80000, 89, 229700
85000, 88, 242376
90000, 86, 254895
95000, 87, 266947
100000, 85, 279160
105000, 92, 290897
110000, 86, 302794
115000, 89, 314505
120000, 94, 325763
125000, 90, 338053
130000, 93, 349233
135000, 89, 361022
140000, 87, 372329
145000, 85, 383855
150000, 84, 395516
155000, 89, 406829
160000, 87, 418322
165000, 84, 429893
170000, 90, 441116
175000, 86, 452631
180000, 87, 463685
185000, 90, 474849
190000, 82, 485709
195000, 86, 496686
200000, 94, 507621
205000, 89, 518580
210000, 88, 529657
215000, 87, 540582
220000, 92, 551358
225000, 86, 562301
230000, 88, 572951
235000, 86, 583657
240000, 91, 594229
245000, 89, 605059
250000, 87, 615663
255000, 86, 626227
260000, 94, 636583
265000, 93, 647132
270000, 81, 657605
275000, 87, 668027
280000, 88, 678599
285000, 89, 688712
290000, 94, 699219
295000, 87, 709486
300000, 83, 719912
305000, 90, 730061
310000, 89, 740266
315000, 95, 750384
320000, 89, 760884
325000, 86, 771172
330000, 92, 781289
335000, 88, 791372
340000, 83, 801446
345000, 87, 811327
350000, 84, 821467
355000, 92, 831458
360000, 90, 841536
365000, 84, 851825
370000, 87, 861851
375000, 89, 871593
380000, 92, 881666
385000, 88, 891360
390000, 90, 901283
395000, 85, 911230
400000, 89, 920888
405000, 91, 930607
410000, 93, 940060
415000, 87, 949990
420000, 89, 959624
425000, 91, 969206
430000, 86, 979180
435000, 91, 988859
440000, 91, 998800
445000, 92, 1008821
450000, 88, 1018766
455000, 90, 1028244
460000, 92, 1037968
465000, 91, 1047356
470000, 90, 1056728
475000, 88, 1066120
480000, 89, 1075485
485000, 85, 1084811
490000, 92, 1093993
495000, 86, 1103166
500000, 84, 1112393
505000, 89, 1121753
510000, 86, 1131395
515000, 85, 1140726
520000, 89, 1150092
525000, 84, 1159517
530000, 81, 1168792
535000, 85, 1178343
540000, 91, 1187801
545000, 91, 1197245
550000, 87, 1206326
555000, 94, 1215536
560000, 92, 1224595
565000, 91, 1233729
570000, 88, 1243150
575000, 86, 1252527
580000, 93, 1261275
585000, 90, 1270348
590000, 85, 1279617
595000, 83, 1288624
600000, 95, 1297511
605000, 89, 1306486
610000, 89, 1315713
615000, 91, 1324682
620000, 83, 1333891
625000, 93, 1343028
630000, 85, 1351927
635000, 90, 1361091
640000, 91, 1369901
645000, 89, 1378549
650000, 92, 1387509
655000, 85, 1396195
660000, 86, 1405263
665000, 91, 1414108
670000, 86, 1423201
675000, 88, 1432391
680000, 84, 1441399
685000, 86, 1450308
690000, 87, 1459044
695000, 88, 1468091
700000, 90, 1477059
705000, 89, 1485748
710000, 91, 1494880
715000, 90, 1503446
720000, 90, 1512216
725000, 90, 1520835
730000, 86, 1529709
735000, 91, 1538399
740000, 89, 1547387
745000, 89, 1556227
750000, 89, 1565241
755000, 87, 1574126
760000, 84, 1582910
765000, 94, 1591720
770000, 90, 1600543
775000, 86, 1609096
780000, 93, 1617701
785000, 89, 1626392
790000, 90, 1635404
795000, 89, 1643881
800000, 83, 1652628
805000, 89, 1661154
810000, 88, 1670165
815000, 88, 1678972
820000, 86, 1687707
825000, 88, 1696621
830000, 90, 1705293
835000, 85, 1713591
840000, 89, 1722098
845000, 87, 1730723
850000, 97, 1739182
855000, 96, 1747794
860000, 83, 1756425
865000, 91, 1764669
870000, 90, 1773274
875000, 86, 1781832
880000, 89, 1790399
885000, 88, 1798879
890000, 88, 1807318
895000, 95, 1815599
900000, 88, 1823928
905000, 87, 1832395
910000, 94, 1840591
915000, 91, 1849198
920000, 90, 1857767
925000, 89, 1866119
930000, 91, 1874656
935000, 96, 1883113
940000, 88, 1891443
945000, 89, 1899855
950000, 91, 1908476
955000, 87, 1916774
960000, 91, 1925325
965000, 90, 1933449
970000, 87, 1941562
975000, 90, 1949823
980000, 91, 1957966
985000, 93, 1966555
990000, 90, 1974938
995000, 91, 1983121
1000000, 94, 1991456
1005000, 89, 1999671
1010000, 86, 2008299
1015000, 90, 2016574
1020000, 93, 2024991
1025000, 85, 2033268
1030000, 92, 2041640
1035000, 93, 2049954
1040000, 90, 2058042
1045000, 86, 2066372
1050000, 87, 2074530
1055000, 91, 2082774
1060000, 89, 2091038
1065000, 88, 2099403
1070000, 87, 2107939
1075000, 87, 2116204
1080000, 88, 2124289
1085000, 92, 2132651
1090000, 91, 2140612
1095000, 91, 2148582
1100000, 91, 2156715
1105000, 87, 2164857
1110000, 91, 2172744
1115000, 90, 2181192
1120000, 82, 2189674
1125000, 87, 2197576
1130000, 91, 2205770
1135000, 92, 2213642
1140000, 93, 2221722
1145000, 89, 2229465
1150000, 90, 2237580
1155000, 86, 2245966
1160000, 84, 2253980
1165000, 96, 2261972
1170000, 94, 2269917
1175000, 92, 2278089
1180000, 87, 2286103
1185000, 88, 2294247
1190000, 90, 2302502
1195000, 90, 2310298
1200000, 89, 2318150
1205000, 92, 2326423
1210000, 92, 2334302
1215000, 88, 2341906
1220000, 90, 2349550
1225000, 88, 2357656
1230000, 89, 2365656
1235000, 92, 2373870
1240000, 86, 2381671
1245000, 90, 2389440
1250000, 88, 2397433
1255000, 92, 2405267
1260000, 90, 2413245
1265000, 92, 2420868
1270000, 93, 2428746
1275000, 88, 2436856
1280000, 87, 2444757
1285000, 87, 2452701
1290000, 90, 2460410
1295000, 89, 2468281
1300000, 92, 2476141
1305000, 91, 2483949
1310000, 83, 2491949
1315000, 86, 2499777
1320000, 89, 2507914
1325000, 87, 2515761
1330000, 95, 2523599
1335000, 86, 2531279
1340000, 90, 2538897
1345000, 90, 2546606
1350000, 93, 2554236
1355000, 90, 2561882
1360000, 95, 2569478
1365000, 87, 2577172
1370000, 92, 2585211
1375000, 87, 2592986
1380000, 90, 2600702
1385000, 85, 2608526
1390000, 90, 2616148
1395000, 88, 2623677
1400000, 93, 2631494
1405000, 87, 2639258
1410000, 87, 2647133
1415000, 89, 2655069
1420000, 86, 2662771
1425000, 88, 2670282
1430000, 95, 2677825
1435000, 88, 2685622
1440000, 88, 2693147
1445000, 92, 2700793
1450000, 86, 2708864
1455000, 90, 2716727
1460000, 87, 2724247
1465000, 91, 2731904
1470000, 89, 2739652
1475000, 92, 2747543
1480000, 92, 2755345
1485000, 91, 2762836
1490000, 90, 2770433
1495000, 95, 2778066
1500000, 90, 2786238
1505000, 90, 2793843
1510000, 89, 2801424
1515000, 86, 2808843
1520000, 86, 2816311
1525000, 91, 2823758
1530000, 91, 2831470
1535000, 89, 2839210
1540000, 92, 2846687
1545000, 88, 2854611
1550000, 83, 2862301
1555000, 91, 2869864
1560000, 95, 2877596
1565000, 89, 2885342
1570000, 85, 2893076
1575000, 90, 2900683
1580000, 93, 2908423
1585000, 92, 2915746
1590000, 90, 2923274
1595000, 92, 2930898
1600000, 93, 2938448
1605000, 90, 2946282
1610000, 91, 2953692
1615000, 90, 2961345
1620000, 93, 2968631
1625000, 91, 2976196
1630000, 91, 2983639
1635000, 93, 2991277
1640000, 90, 2998725
1645000, 92, 3006144
1650000, 89, 3013647
1655000, 90, 3021317
1660000, 89, 3028916
1665000, 87, 3036508
1670000, 88, 3043768
1675000, 84, 3051341
1680000, 93, 3058934
1685000, 89, 3066388
1690000, 87, 3073775
1695000, 90, 3081060
1700000, 88, 3088546
1705000, 92, 3095963
1710000, 92, 3103485
1715000, 82, 3110706
1720000, 96, 3118168
1725000, 90, 3125501
1730000, 88, 3132948
1735000, 86, 3140169
1740000, 88, 3147421
1745000, 93, 3154590
1750000, 94, 3161819
1755000, 90, 3169256
1760000, 89, 3176487
1765000, 91, 3183769
1770000, 96, 3191391
1775000, 87, 3198716
1780000, 91, 3205884
1785000, 92, 3213399
1790000, 87, 3220839
1795000, 82, 3228023
1800000, 89, 3235298
1805000, 89, 3242529
1810000, 93, 3249980
1815000, 91, 3257186
1820000, 93, 3264342
1825000, 91, 3271712
1830000, 88, 3279078
1835000, 89, 3286125
1840000, 90, 3293638
1845000, 92, 3300806
1850000, 96, 3307924
1855000, 89, 3315047
1860000, 86, 3322458
1865000, 88, 3329795
1870000, 87, 3337103
1875000, 89, 3344017
1880000, 90, 3351516
1885000, 94, 3358310
1890000, 90, 3365201
1895000, 87, 3372489
1900000, 87, 3379989
1905000, 92, 3387459
1910000, 91, 3394294
1915000, 90, 3401480
1920000, 87, 3408673
1925000, 94, 3415961
1930000, 92, 3423298
1935000, 90, 3430437
1940000, 90, 3437589
1945000, 91, 3444881
1950000, 88, 3452018
1955000, 91, 3459413
1960000, 91, 3466682
1965000, 84, 3473856
1970000, 90, 3481016
1975000, 94, 3488127
1980000, 93, 3494889
1985000, 86, 3502311
1990000, 89, 3509217
1995000, 91, 3516288
2000000, 90, 3523478
2005000, 92, 3530583
2010000, 89, 3537935
2015000, 88, 3545044
2020000, 91, 3551968
2025000, 91, 3559202
2030000, 93, 3566069
2035000, 95, 3573346
2040000, 84, 3580524
2045000, 88, 3587668
2050000, 88, 3594768
2055000, 91, 3602019
2060000, 95, 3608977
2065000, 87, 3616173
2070000, 89, 3623339
2075000, 91, 3630416
2080000, 91, 3637537
2085000, 91, 3644669
2090000, 86, 3651702
2095000, 87, 3658645
2100000, 93, 3665584
2105000, 92, 3672490
2110000, 88, 3679461
2115000, 92, 3686371
2120000, 91, 3693365
2125000, 91, 3700722
2130000, 92, 3707913
2135000, 91, 3714879
2140000, 93, 3721704
2145000, 93, 3728907
2150000, 87, 3735718
2155000, 89, 3742710
2160000, 97, 3749750
2165000, 88, 3756764
2170000, 94, 3763449
2175000, 91, 3770517
2180000, 95, 3777263
2185000, 91, 3784321
2190000, 92, 3791440
2195000, 90, 3798743
2200000, 94, 3805902
2205000, 91, 3813039
2210000, 86, 3819922
2215000, 86, 3826941
2220000, 89, 3833919
2225000, 85, 3840860
2230000, 89, 3847559
2235000, 90, 3854473
2240000, 91, 3861780
2245000, 93, 3868896
2250000, 92, 3876046
2255000, 91, 3883184
2260000, 93, 3890073
2265000, 94, 3896802
2270000, 88, 3903889
2275000, 95, 3910811
2280000, 87, 3917755
2285000, 91, 3924600
2290000, 90, 3931406
2295000, 87, 3938398
2300000, 91, 3945498
2305000, 88, 3952609
2310000, 87, 3959698
2315000, 91, 3966524
2320000, 89, 3973680
2325000, 91, 3980557
2330000, 90, 3987531
2335000, 90, 3994461
2340000, 89, 4001545
2345000, 92, 4008600
2350000, 93, 4015211
2355000, 85, 4022097
2360000, 88, 4028904
2365000, 89, 4035689
2370000, 93, 4042798
2375000, 92, 4049611
2380000, 93, 4056482
2385000, 88, 4063379
2390000, 89, 4070213
2395000, 89, 4077134
2400000, 90, 4083961
2405000, 94, 4090664
2410000, 88, 4097488
2415000, 90, 4104089
2420000, 87, 4110821
2425000, 90, 4117638
2430000, 94, 4124405
2435000, 92, 4130920
2440000, 94, 4137702
2445000, 89, 4144489
2450000, 94, 4151087
2455000, 92, 4158081
2460000, 95, 4164786
2465000, 91, 4171590
2470000, 92, 4178573
2475000, 91, 4185621
2480000, 84, 4192464
2485000, 88, 4199189
2490000, 86, 4205898
2495000, 91, 4212646
2500000, 83, 4219715
2505000, 88, 4226446
2510000, 88, 4233140
2515000, 93, 4240032
2520000, 94, 4246930
2525000, 92, 4253928
2530000, 93, 4260727
2535000, 91, 4267293
2540000, 93, 4273897
2545000, 92, 4280727
2550000, 90, 4287506
2555000, 90, 4294183
2560000, 93, 4300879
2565000, 93, 4307792
2570000, 85, 4314638
2575000, 93, 4321405
2580000, 91, 4327834
2585000, 94, 4334643
2590000, 92, 4341388
2595000, 93, 4348057
2600000, 91, 4355044
2605000, 94, 4361578
2610000, 90, 4368186
2615000, 85, 4375108
2620000, 90, 4381896
2625000, 85, 4388744
2630000, 95, 4394995
2635000, 91, 4401489
2640000, 91, 4408444
2645000, 92, 4415029
2650000, 91, 4421911
2655000, 93, 4428758
2660000, 85, 4435598
2665000, 90, 4442210
2670000, 90, 4448789
2675000, 90, 4455579
2680000, 91, 4462178
2685000, 94, 4468899
2690000, 91, 4475753
2695000, 93, 4482304
2700000, 92, 4488739
2705000, 92, 4495400
2710000, 89, 4502351
2715000, 94, 4509022
2720000, 92, 4515422
2725000, 93, 4522211
2730000, 95, 4528781
2735000, 89, 4535127
2740000, 89, 4541760
2745000, 89, 4548475
2750000, 87, 4555291
2755000, 88, 4562050
2760000, 91, 4568750
2765000, 93, 4575320
2770000, 91, 4581870
2775000, 89, 4588547
2780000, 93, 4595248
2785000, 88, 4601565
2790000, 93, 4608244
2795000, 91, 4614750
2800000, 87, 4621542
2805000, 91, 4628116
2810000, 90, 4634730
2815000, 96, 4641286
2820000, 96, 4647961
2825000, 88, 4654625
2830000, 85, 4661094
2835000, 94, 4667747
2840000, 96, 4674414
2845000, 90, 4680922
2850000, 87, 4687628
2855000, 96, 4694350
2860000, 90, 4701030
2865000, 89, 4707710
2870000, 86, 4714132
2875000, 95, 4720670
2880000, 83, 4727509
2885000, 90, 4734177
2890000, 91, 4740760
2895000, 95, 4747053
2900000, 91, 4753771
2905000, 87, 4760421
2910000, 94, 4767137
2915000, 94, 4773613
2920000, 91, 4780311
2925000, 89, 4786708
2930000, 88, 4793393
2935000, 90, 4799545
2940000, 91, 4806000
2945000, 93, 4812262
2950000, 93, 4818851
2955000, 86, 4825441
2960000, 95, 4831583
2965000, 95, 4837706
2970000, 90, 4844391
2975000, 86, 4850852
2980000, 90, 4857257
2985000, 86, 4863441
2990000, 92, 4870018
2995000, 96, 4876649
3000000, 93, 4882971
3005000, 92, 4889626
3010000, 90, 4896045
3015000, 91, 4902363
3020000, 93, 4908947
3025000, 88, 4915671
3030000, 92, 4922093
3035000, 86, 4928844
3040000, 91, 4935132
3045000, 94, 4941429
3050000, 95, 4947536
3055000, 96, 4953843
3060000, 89, 4960605
3065000, 89, 4967218
3070000, 92, 4973780
3075000, 97, 4980274
3080000, 89, 4986832
3085000, 90, 4993482
3090000, 91, 5000227
3095000, 94, 5006725
3100000, 93, 5013141
3105000, 89, 5019155
3110000, 91, 5025485
3115000, 92, 5031932
3120000, 96, 5038375
3125000, 95, 5044781
3130000, 91, 5051150
3135000, 88, 5057790
3140000, 96, 5064133
3145000, 97, 5070416
3150000, 91, 5076832
3155000, 87, 5083241
3160000, 89, 5089511
3165000, 90, 5096132
3170000, 92, 5102481
3175000, 94, 5108752
3180000, 89, 5114899
3185000, 89, 5121309
3190000, 95, 5127698
3195000, 89, 5134096
3200000, 89, 5140447
3205000, 95, 5146776
3210000, 90, 5153032
3215000, 94, 5159522
3220000, 89, 5166193
3225000, 96, 5172738
3230000, 92, 5179136
3235000, 87, 5185403
3240000, 88, 5192141
3245000, 91, 5198640
3250000, 86, 5205074
3255000, 85, 5211371
3260000, 95, 5218021
3265000, 88, 5224322
3270000, 94, 5230615
3275000, 88, 5236886
3280000, 86, 5243308
3285000, 92, 5249709
3290000, 91, 5256042
3295000, 95, 5262378
3300000, 91, 5268831
3305000, 95, 5275012
3310000, 92, 5281188
3315000, 87, 5287366
3320000, 94, 5293896
3325000, 95, 5300000
3330000, 97, 5306057
3335000, 94, 5312373
3340000, 94, 5318679
3345000, 91, 5324857
3350000, 83, 5331187
3355000, 91, 5337715
3360000, 93, 5344010
3365000, 90, 5350142
3370000, 91, 5356307
3375000, 95, 5362423
3380000, 86, 5368945
3385000, 88, 5375004
3390000, 95, 5381267
3395000, 93, 5387825
3400000, 92, 5393995
3405000, 88, 5400152
3410000, 91, 5406387
3415000, 91, 5412467
3420000, 89, 5418795
3425000, 90, 5425184
3430000, 91, 5431497
3435000, 93, 5437720
3440000, 94, 5443968
3445000, 90, 5450053
3450000, 93, 5456121
3455000, 89, 5462526
3460000, 94, 5468763
3465000, 88, 5475011
3470000, 91, 5481263
3475000, 92, 5487462
3480000, 93, 5493731
3485000, 95, 5500014
3490000, 94, 5506270
3495000, 88, 5512589
3500000, 93, 5518830
3505000, 89, 5525026
3510000, 95, 5531176
3515000, 89, 5537244
3520000, 92, 5543642
3525000, 89, 5549869
3530000, 94, 5556166
3535000, 96, 5562243
3540000, 89, 5568420
3545000, 90, 5574685
3550000, 89, 5580781
3555000, 93, 5586942
3560000, 90, 5593044
3565000, 89, 5599016
3570000, 93, 5605278
3575000, 89, 5611495
3580000, 94, 5617693
3585000, 92, 5624032
3590000, 89, 5630192
3595000, 94, 5636782
3600000, 91, 5642748
3605000, 90, 5648988
3610000, 94, 5655371
3615000, 92, 5661792
3620000, 96, 5667678
3625000, 96, 5673970
3630000, 87, 5680328
3635000, 93, 5686620
3640000, 90, 5692688
3645000, 92, 5699009
3650000, 92, 5705012
3655000, 96, 5711078
3660000, 92, 5717224
3665000, 90, 5723605
3670000, 92, 5729765
3675000, 86, 5735799
3680000, 87, 5742000
3685000, 97, 5747954
3690000, 87, 5754145
3695000, 92, 5760595
3700000, 90, 5766619
3705000, 90, 5772751
3710000, 91, 5779076
3715000, 93, 5785053
3720000, 86, 5791180
3725000, 86, 5797413
3730000, 93, 5803376
3735000, 89, 5809798
3740000, 86, 5815660
3745000, 90, 5821706
3750000, 96, 5827651
3755000, 91, 5833810
3760000, 85, 5839982
3765000, 90, 5846067
3770000, 91, 5852280
3775000, 93, 5858381
3780000, 91, 5864251
3785000, 88, 5870268
3790000, 95, 5876475
3795000, 84, 5882478
3800000, 93, 5888364
3805000, 92, 5894240
3810000, 94, 5900271
3815000, 94, 5906448
3820000, 91, 5912451
3825000, 91, 5918534
3830000, 95, 5924597
3835000, 92, 5930647
3840000, 91, 5936843
3845000, 92, 5942830
3850000, 94, 5948766
3855000, 93, 5954783
3860000, 90, 5961384
3865000, 90, 5967476
3870000, 95, 5973624
3875000, 93, 5979564
3880000, 90, 5985849
3885000, 91, 5991792
3890000, 93, 5997971
3895000, 94, 6003825
3900000, 91, 6009958
3905000, 89, 6016166
3910000, 92, 6022114
3915000, 93, 6028220
3920000, 94, 6034318
3925000, 90, 6040699
3930000, 91, 6046664
3935000, 94, 6052746
3940000, 92, 6058888
3945000, 89, 6065152
3950000, 89, 6071139
3955000, 88, 6077212
3960000, 91, 6083229
3965000, 91, 6089106
3970000, 91, 6095307
3975000, 86, 6101352
3980000, 89, 6107406
3985000, 96, 6113525
3990000, 91, 6119621
3995000, 91, 6125517
4000000, 96, 6131499
4005000, 90, 6137622
4010000, 93, 6143366
4015000, 97, 6149285
4020000, 92, 6155320
4025000, 93, 6161386
4030000, 90, 6167337
4035000, 89, 6173334
4040000, 94, 6178954
4045000, 88, 6184965
4050000, 86, 6190933
4055000, 92, 6196808
4060000, 93, 6202685
4065000, 94, 6208690
4070000, 86, 6214594
4075000, 86, 6220830
4080000, 89, 6226937
4085000, 90, 6233170
4090000, 93, 6239145
4095000, 94, 6245038
4100000, 89, 6250913
4105000, 91, 6256666
4110000, 90, 6262441
4115000, 91, 6268375
4120000, 86, 6274266
4125000, 97, 6280092
4130000, 94, 6286146
4135000, 92, 6292146
4140000, 95, 6297949
4145000, 91, 6303671
4150000, 92, 6309566
4155000, 86, 6315576
4160000, 92, 6321620
4165000, 92, 6327534
4170000, 94, 6333364
4175000, 89, 6339291
4180000, 95, 6345487
4185000, 95, 6351618
4190000, 90, 6357598
4195000, 93, 6363305
4200000, 95, 6369531
4205000, 95, 6375225
4210000, 89, 6381130
4215000, 89, 6387191
4220000, 92, 6392881
4225000, 92, 6398788
4230000, 91, 6404756
4235000, 91, 6410781
4240000, 91, 6416556
4245000, 93, 6422321
4250000, 95, 6428180
4255000, 90, 6434006
4260000, 83, 6440062
4265000, 87, 6446232
4270000, 91, 6452177
4275000, 91, 6457895
4280000, 90, 6463789
4285000, 91, 6469768
4290000, 90, 6475487
4295000, 82, 6481700
4300000, 84, 6487680
4305000, 86, 6493482
4310000, 91, 6499693
4315000, 92, 6505790
4320000, 95, 6511632
4325000, 94, 6517440
4330000, 89, 6523391
4335000, 96, 6529335
4340000, 88, 6535329
4345000, 88, 6541151
4350000, 89, 6547112
4355000, 86, 6552994
4360000, 94, 6559116
4365000, 86, 6564896
4370000, 86, 6570541
4375000, 94, 6576673
4380000, 87, 6582555
4385000, 91, 6588387
4390000, 87, 6594201
4395000, 92, 6599956
4400000, 92, 6605782
4405000, 89, 6611902
4410000, 91, 6617690
4415000, 91, 6623667
4420000, 89, 6629643
4425000, 95, 6635240
4430000, 90, 6641150
4435000, 97, 6647105
4440000, 93, 6652803
4445000, 91, 6658851
4450000, 93, 6664699
4455000, 93, 6670503
4460000, 93, 6676602
4465000, 96, 6682348
4470000, 88, 6688263
4475000, 89, 6693996
4480000, 93, 6699888
4485000, 97, 6705587
4490000, 93, 6711376
4495000, 93, 6716907
4500000, 97, 6722893
4505000, 93, 6728751
4510000, 91, 6734596
4515000, 98, 6740664
4520000, 94, 6746466
4525000, 92, 6752421
4530000, 91, 6758163
4535000, 95, 6763950
4540000, 92, 6769826
4545000, 94, 6776030
4550000, 95, 6781831
4555000, 93, 6787726
4560000, 92, 6793531
4565000, 94, 6799366
4570000, 89, 6804998
4575000, 86, 6810982
4580000, 95, 6816916
4585000, 96, 6822605
4590000, 95, 6828495
4595000, 90, 6834187
4600000, 90, 6840011
4605000, 89, 6845908
4610000, 94, 6851554
4615000, 92, 6857256
4620000, 96, 6863127
4625000, 89, 6868757
4630000, 91, 6874475
4635000, 95, 6880247
4640000, 93, 6885956
4645000, 92, 6891618
4650000, 95, 6897519
4655000, 95, 6903282
4660000, 91, 6909024
4665000, 93, 6914788
4670000, 91, 6920609
4675000, 89, 6926274
4680000, 91, 6932051
4685000, 94, 6937839
4690000, 90, 6943596
4695000, 92, 6949464
4700000, 89, 6955463
4705000, 95, 6961340
4710000, 93, 6967025
4715000, 87, 6972943
4720000, 88, 6978797
4725000, 94, 6984589
4730000, 93, 6990038
4735000, 90, 6996037
4740000, 97, 7001818
4745000, 96, 7007549
4750000, 90, 7013147
4755000, 94, 7019103
4760000, 89, 7024839
4765000, 92, 7030804
4770000, 92, 7036554
4775000, 94, 7042259
4780000, 95, 7048118
4785000, 89, 7053770
4790000, 91, 7059674
4795000, 86, 7065477
4800000, 92, 7071041
4805000, 94, 7076570
4810000, 95, 7082343
4815000, 93, 7088232
4820000, 93, 7093858
4825000, 96, 7099726
4830000, 93, 7105601
4835000, 91, 7111219
4840000, 94, 7116681
4845000, 92, 7122413
4850000, 92, 7128016
4855000, 88, 7133766
4860000, 94, 7139700
4865000, 90, 7145520
4870000, 90, 7151149
4875000, 91, 7156704
4880000, 94, 7162420
4885000, 95, 7168243
4890000, 95, 7173731
4895000, 92, 7179311
4900000, 90, 7185037
4905000, 94, 7190862
4910000, 96, 7196637
4915000, 94, 7202275
4920000, 89, 7207851
4925000, 87, 7213805
4930000, 94, 7219429
4935000, 87, 7225149
4940000, 88, 7230886
4945000, 96, 7236659
4950000, 87, 7242605
4955000, 95, 7248138
4960000, 90, 7253947
4965000, 89, 7259768
4970000, 92, 7265451
4975000, 90, 7271311
4980000, 90, 7276838
4985000, 90, 7282710
4990000, 93, 7288195
4995000, 92, 7293905
5000000, 92, 7299403
5005000, 89, 7305216
5010000, 89, 7310928
5015000, 91, 7316800
5020000, 94, 7322397
5025000, 89, 7328071
5030000, 91, 7333717
5035000, 93, 7339055
5040000, 92, 7344489
5045000, 91, 7350280
5050000, 94, 7356019
5055000, 94, 7361553
5060000, 97, 7367207
5065000, 90, 7372859
5070000, 93, 7378427
5075000, 90, 7383862
5080000, 90, 7389467
5085000, 90, 7395161
5090000, 93, 7401150
5095000, 91, 7407018
5100000, 91, 7412576
5105000, 91, 7418108
5110000, 96, 7423938
5115000, 88, 7429651
5120000, 94, 7435276
5125000, 91, 7441088
5130000, 95, 7447113
5135000, 93, 7452847
5140000, 99, 7458237
5145000, 97, 7463582
5150000, 93, 7469145
5155000, 92, 7474985
5160000, 95, 7480666
5165000, 94, 7486678
5170000, 94, 7492278
5175000, 92, 7497678
5180000, 95, 7503044
5185000, 91, 7508375
5190000, 90, 7514097
5195000, 94, 7519815
5200000, 95, 7525405
5205000, 94, 7531282
5210000, 94, 7537011
5215000, 89, 7542632
5220000, 96, 7548273
5225000, 89, 7554056
5230000, 93, 7559605
5235000, 90, 7565312
5240000, 95, 7570800
5245000, 90, 7576382
5250000, 90, 7582139
5255000, 92, 7587869
5260000, 93, 7593406
5265000, 91, 7598719
5270000, 96, 7604540
5275000, 94, 7610302
5280000, 94, 7616042
5285000, 95, 7621463
5290000, 94, 7627131
5295000, 90, 7632793
5300000, 94, 7638449
5305000, 93, 7644183
5310000, 93, 7649775
5315000, 93, 7655295
5320000, 89, 7661050
5325000, 94, 7666502
5330000, 95, 7671785
5335000, 95, 7677216
5340000, 94, 7682872
5345000, 89, 7688360
5350000, 93, 7693958
5355000, 92, 7699287
5360000, 93, 7704838
5365000, 87, 7710435
5370000, 96, 7716211
5375000, 94, 7721723
5380000, 97, 7727233
5385000, 91, 7732474
5390000, 95, 7737991
5395000, 89, 7743665
5400000, 90, 7749342
5405000, 87, 7754977
5410000, 89, 7760643
5415000, 87, 7765951
5420000, 93, 7771447
5425000, 91, 7776871
5430000, 89, 7782622
5435000, 91, 7788038
5440000, 90, 7793680
5445000, 91, 7799200
5450000, 92, 7804901
5455000, 91, 7810257
5460000, 87, 7815776
5465000, 93, 7821300
5470000, 96, 7826667
5475000, 95, 7832215
5480000, 87, 7837530
5485000, 95, 7842921
5490000, 93, 7848304
5495000, 94, 7853517
5500000, 93, 7859191
5505000, 97, 7864895
5510000, 90, 7870550
5515000, 95, 7876030
5520000, 86, 7881542
5525000, 92, 7887060
5530000, 91, 7892858
5535000, 92, 7898615
5540000, 94, 7903992
5545000, 99, 7909558
5550000, 94, 7914807
5555000, 93, 7920336
5560000, 92, 7925867
5565000, 95, 7931524
5570000, 94, 7936822
5575000, 90, 7942113
5580000, 93, 7947899
5585000, 92, 7953258
5590000, 90, 7958866
5595000, 89, 7964296
5600000, 97, 7969915
5605000, 95, 7975306
5610000, 95, 7980578
5615000, 95, 7986088
5620000, 94, 7991440
5625000, 92, 7996997
5630000, 90, 8002355
5635000, 97, 8007722
5640000, 91, 8013197
5645000, 90, 8018777
5650000, 90, 8024386
5655000, 94, 8029901
5660000, 92, 8035420
5665000, 92, 8040946
5670000, 85, 8046560
5675000, 91, 8051996
5680000, 91, 8057440
5685000, 90, 8062723
5690000, 92, 8068140
5695000, 95, 8073447
5700000, 92, 8079129
5705000, 94, 8084626
5710000, 93, 8090238
5715000, 91, 8095883
5720000, 89, 8101481
5725000, 92, 8107000
5730000, 94, 8112542
5735000, 88, 8118169
5740000, 91, 8123681
5745000, 87, 8128997
5750000, 92, 8134517
5755000, 94, 8140107
5760000, 88, 8145509
5765000, 92, 8150946
5770000, 90, 8156376
5775000, 95, 8161624
