5000, 86, 19541
10000, 84, 36380
15000, 85, 52101
20000, 81, 66974
25000, 83, 81377
30000, 86, 95510
35000, 83, 109424
40000, 89, 123325
45000, 90, 137117
50000, 86, 150224
55000, 81, 163328
60000, 82, 176438
65000, 85, 189091
70000, 83, 201447
75000, 80, 213820
80000, 86, 226133
85000, 76, 237782
90000, 85, 249440
95000, 82, 261679
100000, 84, 273878
105000, 88, 285722
110000, 90, 297835
115000, 86, 309196
120000, 85, 320843
125000, 85, 332565
130000, 86, 344100
135000, 86, 355729
140000, 86, 367339
145000, 84, 378733
150000, 81, 390115
155000, 86, 401408
160000, 81, 412979
165000, 83, 424243
170000, 89, 435364
175000, 87, 446072
180000, 91, 457121
185000, 82, 468170
190000, 78, 479223
195000, 88, 490304
200000, 82, 501370
205000, 89, 512264
210000, 82, 523348
215000, 87, 534145
220000, 86, 544763
225000, 86, 554830
230000, 82, 565678
235000, 89, 576624
240000, 82, 587475
245000, 85, 597887
250000, 81, 608524
255000, 89, 618762
260000, 87, 629330
265000, 87, 640194
270000, 79, 650746
275000, 87, 661203
280000, 87, 672011
285000, 86, 682787
290000, 91, 693696
295000, 90, 703800
300000, 87, 714058
305000, 85, 724347
310000, 81, 734535
315000, 84, 744995
320000, 83, 755222
325000, 87, 765407
330000, 84, 776009
335000, 81, 785944
340000, 81, 795832
345000, 79, 805834
350000, 91, 815848
355000, 86, 825849
360000, 90, 835719
365000, 90, 845401
370000, 91, 855340
375000, 87, 865112
380000, 91, 874885
385000, 85, 884704
390000, 77, 894728
395000, 85, 904531
400000, 82, 914604
405000, 90, 924368
410000, 92, 934095
415000, 91, 944031
420000, 78, 953641
425000, 95, 963619
430000, 86, 973302
435000, 86, 982825
440000, 85, 992517
445000, 82, 1002135
450000, 88, 1011514
455000, 86, 1021232
460000, 82, 1030965
465000, 89, 1041108
470000, 94, 1050736
475000, 82, 1060125
480000, 87, 1070074
485000, 88, 1079514
490000, 90, 1089099
495000, 85, 1099030
500000, 87, 1108223
505000, 80, 1117746
510000, 92, 1127392
515000, 83, 1136772
520000, 89, 1146420
525000, 87, 1156369
530000, 94, 1165765
535000, 94, 1175107
540000, 88, 1184326
545000, 88, 1193866
550000, 88, 1203174
555000, 87, 1212503
560000, 81, 1221802
565000, 86, 1231291
570000, 92, 1240340
575000, 89, 1249719
580000, 85, 1259115
585000, 78, 1268319
590000, 81, 1278064
595000, 85, 1287547
600000, 80, 1296915
605000, 86, 1306014
610000, 83, 1315024
615000, 86, 1323858
620000, 86, 1333360
625000, 83, 1342374
630000, 86, 1351658
635000, 89, 1360717
640000, 83, 1370347
645000, 90, 1379455
650000, 85, 1389138
655000, 87, 1397830
660000, 89, 1406776
665000, 87, 1416201
670000, 92, 1425307
675000, 88, 1434682
680000, 86, 1443308
685000, 88, 1452505
690000, 85, 1461654
695000, 84, 1470939
700000, 92, 1479891
705000, 89, 1488619
710000, 85, 1497648
715000, 84, 1506837
720000, 83, 1515619
725000, 85, 1524412
730000, 87, 1533490
735000, 89, 1542679
740000, 86, 1551502
745000, 92, 1560112
750000, 82, 1569227
755000, 87, 1578079
760000, 96, 1587023
765000, 93, 1596013
770000, 91, 1604893
775000, 90, 1613491
780000, 88, 1622598
785000, 91, 1631714
790000, 85, 1640645
795000, 87, 1649411
800000, 89, 1658187
805000, 92, 1666897
810000, 84, 1675729
815000, 87, 1684549
820000, 91, 1693697
825000, 90, 1702478
830000, 83, 1711141
835000, 82, 1720054
840000, 84, 1728967
845000, 89, 1737856
850000, 79, 1746618
855000, 91, 1755353
860000, 92, 1764318
865000, 85, 1772854
870000, 81, 1781607
875000, 92, 1790346
880000, 89, 1799073
885000, 79, 1807790
890000, 85, 1816590
895000, 86, 1825517
900000, 82, 1834566
905000, 80, 1843390
910000, 91, 1851995
915000, 90, 1861014
920000, 88, 1869841
925000, 81, 1878720
930000, 84, 1887395
935000, 87, 1896247
940000, 83, 1905143
945000, 83, 1913702
950000, 88, 1922427
955000, 85, 1931400
960000, 88, 1940143
965000, 88, 1948828
970000, 90, 1957602
975000, 92, 1966086
980000, 89, 1974923
985000, 85, 1983524
990000, 88, 1992235
995000, 95, 2000220
1000000, 92, 2009204
1005000, 84, 2017714
1010000, 83, 2026343
1015000, 90, 2034841
1020000, 91, 2043302
1025000, 89, 2051573
1030000, 88, 2059941
1035000, 87, 2068685
1040000, 90, 2076875
1045000, 88, 2085273
1050000, 88, 2094339
1055000, 92, 2102635
1060000, 87, 2111419
1065000, 88, 2119953
1070000, 87, 2128634
1075000, 86, 2137072
1080000, 85, 2145431
1085000, 83, 2154108
1090000, 91, 2162471
1095000, 86, 2170682
1100000, 89, 2178957
1105000, 94, 2187511
1110000, 86, 2195944
1115000, 90, 2204213
1120000, 91, 2212397
1125000, 83, 2220986
1130000, 87, 2229561
1135000, 84, 2238089
1140000, 83, 2246294
1145000, 93, 2254696
1150000, 91, 2262834
1155000, 88, 2271412
1160000, 88, 2279697
1165000, 91, 2288339
1170000, 88, 2296468
1175000, 93, 2304628
1180000, 88, 2312909
1185000, 86, 2321278
1190000, 91, 2329694
1195000, 87, 2338206
1200000, 89, 2346463
1205000, 88, 2354688
1210000, 85, 2363154
1215000, 92, 2371682
1220000, 92, 2380483
1225000, 89, 2388356
1230000, 93, 2396314
1235000, 84, 2404502
1240000, 90, 2412929
1245000, 88, 2421120
1250000, 90, 2429499
1255000, 90, 2437905
1260000, 85, 2446103
1265000, 86, 2454644
1270000, 84, 2462736
1275000, 89, 2470690
1280000, 85, 2479353
1285000, 85, 2487849
1290000, 86, 2496060
1295000, 85, 2504733
1300000, 88, 2512942
1305000, 93, 2521092
1310000, 88, 2529191
1315000, 91, 2537512
1320000, 88, 2545962
1325000, 86, 2553948
1330000, 82, 2562103
1335000, 89, 2570126
1340000, 88, 2578077
1345000, 92, 2586339
1350000, 84, 2594442
1355000, 87, 2602940
1360000, 85, 2611350
1365000, 86, 2619441
1370000, 91, 2627774
1375000, 89, 2636086
1380000, 90, 2644818
1385000, 86, 2653092
1390000, 83, 2661221
1395000, 89, 2669273
1400000, 85, 2677394
1405000, 87, 2685276
1410000, 92, 2693237
1415000, 89, 2701201
1420000, 85, 2709278
1425000, 83, 2717435
1430000, 91, 2725008
1435000, 90, 2733286
1440000, 83, 2741116
1445000, 85, 2749454
1450000, 89, 2757738
1455000, 91, 2765691
1460000, 92, 2773842
1465000, 91, 2781996
1470000, 91, 2789971
1475000, 88, 2798238
1480000, 83, 2806462
1485000, 90, 2814176
1490000, 89, 2822380
1495000, 88, 2830535
1500000, 89, 2838767
1505000, 90, 2846642
1510000, 87, 2854749
1515000, 84, 2862877
1520000, 95, 2871035
1525000, 85, 2878943
1530000, 86, 2887255
1535000, 87, 2895213
1540000, 89, 2903209
1545000, 85, 2911225
1550000, 86, 2919064
1555000, 88, 2927263
1560000, 92, 2934958
1565000, 84, 2942834
1570000, 85, 2950659
1575000, 90, 2958253
1580000, 90, 2965989
1585000, 93, 2973624
1590000, 94, 2981377
1595000, 93, 2989610
1600000, 91, 2997929
1605000, 90, 3005826
1610000, 91, 3013719
1615000, 90, 3022163
1620000, 91, 3030196
1625000, 89, 3038184
1630000, 93, 3046058
1635000, 88, 3054105
1640000, 95, 3062257
1645000, 90, 3070189
1650000, 90, 3078346
1655000, 88, 3086451
1660000, 88, 3094159
1665000, 86, 3102282
1670000, 88, 3110340
1675000, 88, 3118487
1680000, 99, 3126591
1685000, 92, 3134634
1690000, 93, 3142570
1695000, 89, 3150945
1700000, 89, 3159159
1705000, 90, 3166960
1710000, 91, 3174836
1715000, 90, 3182614
1720000, 87, 3190374
1725000, 81, 3198456
1730000, 88, 3206298
1735000, 89, 3214205
1740000, 86, 3222440
1745000, 89, 3230261
1750000, 86, 3238058
1755000, 84, 3245854
1760000, 88, 3253931
1765000, 92, 3261687
1770000, 90, 3269609
1775000, 93, 3277513
1780000, 89, 3285396
1785000, 86, 3293197
1790000, 93, 3300801
1795000, 89, 3308844
1800000, 89, 3316651
1805000, 87, 3324888
1810000, 88, 3332889
1815000, 89, 3340944
1820000, 87, 3348966
1825000, 90, 3356689
1830000, 88, 3364492
1835000, 88, 3372204
1840000, 84, 3379826
1845000, 84, 3387510
1850000, 87, 3395112
1855000, 90, 3403089
1860000, 87, 3410986
1865000, 89, 3418917
1870000, 93, 3426508
1875000, 93, 3434083
1880000, 92, 3442143
1885000, 84, 3450294
1890000, 88, 3457596
1895000, 90, 3465232
1900000, 86, 3473032
1905000, 91, 3480656
1910000, 93, 3488581
1915000, 86, 3496267
1920000, 88, 3504125
1925000, 89, 3512114
1930000, 82, 3519966
1935000, 85, 3527476
1940000, 89, 3535184
1945000, 88, 3543110
1950000, 91, 3550763
1955000, 90, 3558253
1960000, 90, 3566086
1965000, 84, 3573760
1970000, 89, 3581489
1975000, 93, 3589453
1980000, 85, 3597459
1985000, 87, 3605501
1990000, 90, 3613264
1995000, 90, 3620684
2000000, 86, 3628375
2005000, 89, 3635720
2010000, 94, 3643365
2015000, 87, 3651319
2020000, 87, 3659101
2025000, 89, 3666691
2030000, 87, 3674113
2035000, 90, 3681592
2040000, 85, 3689621
2045000, 94, 3697330
2050000, 90, 3704787
2055000, 91, 3712411
2060000, 84, 3719796
2065000, 87, 3727518
2070000, 93, 3734840
2075000, 91, 3742260
2080000, 90, 3749792
2085000, 81, 3757244
2090000, 88, 3764791
2095000, 85, 3772817
2100000, 87, 3780612
2105000, 89, 3788241
2110000, 91, 3795545
2115000, 90, 3802869
2120000, 87, 3810680
2125000, 90, 3818567
2130000, 94, 3826175
2135000, 88, 3833716
2140000, 89, 3841592
2145000, 87, 3849038
2150000, 85, 3856655
2155000, 87, 3863979
2160000, 82, 3871251
2165000, 88, 3879185
2170000, 82, 3886724
2175000, 90, 3894095
2180000, 94, 3901382
2185000, 82, 3908989
2190000, 89, 3916508
2195000, 84, 3924250
2200000, 91, 3931726
2205000, 86, 3939609
2210000, 92, 3947565
2215000, 87, 3955380
2220000, 91, 3962842
2225000, 84, 3970347
2230000, 85, 3978033
2235000, 92, 3985533
2240000, 90, 3993291
2245000, 87, 4000658
2250000, 83, 4008142
2255000, 92, 4015884
2260000, 93, 4023445
2265000, 93, 4031024
2270000, 88, 4038481
2275000, 87, 4046220
2280000, 85, 4054214
2285000, 93, 4061915
2290000, 89, 4069445
2295000, 90, 4076505
2300000, 89, 4083959
2305000, 87, 4091371
2310000, 83, 4099051
2315000, 90, 4106597
2320000, 82, 4114081
2325000, 91, 4121854
2330000, 93, 4129109
2335000, 91, 4136627
2340000, 85, 4144553
2345000, 90, 4152183
2350000, 86, 4159472
2355000, 90, 4166896
2360000, 91, 4174237
2365000, 93, 4181452
2370000, 93, 4189312
2375000, 84, 4196817
2380000, 84, 4204456
2385000, 91, 4211767
2390000, 84, 4219028
2395000, 91, 4226547
2400000, 89, 4233944
2405000, 87, 4241194
2410000, 89, 4248755
2415000, 88, 4256164
2420000, 91, 4263749
2425000, 94, 4271455
2430000, 85, 4278775
2435000, 90, 4286419
2440000, 91, 4293784
2445000, 87, 4301088
2450000, 91, 4308733
2455000, 89, 4316459
2460000, 91, 4324088
2465000, 85, 4331374
2470000, 88, 4338593
2475000, 92, 4345853
2480000, 91, 4353137
2485000, 90, 4360590
2490000, 96, 4367896
2495000, 89, 4375363
2500000, 87, 4382595
2505000, 91, 4389829
2510000, 91, 4397296
2515000, 93, 4404352
2520000, 84, 4411661
2525000, 90, 4419020
2530000, 92, 4426407
2535000, 88, 4433612
2540000, 95, 4441140
2545000, 87, 4448757
2550000, 94, 4455870
2555000, 90, 4463596
2560000, 91, 4470793
2565000, 93, 4477876
2570000, 87, 4485109
2575000, 91, 4492424
2580000, 91, 4499788
2585000, 93, 4507293
2590000, 96, 4514527
2595000, 93, 4522019
2600000, 92, 4529342
2605000, 84, 4537006
2610000, 92, 4544118
2615000, 90, 4551559
2620000, 86, 4558803
2625000, 86, 4565821
2630000, 86, 4572823
2635000, 94, 4579796
2640000, 88, 4587091
2645000, 91, 4594525
2650000, 90, 4601978
2655000, 86, 4609699
2660000, 89, 4616876
2665000, 86, 4624279
2670000, 92, 4631429
2675000, 93, 4638408
2680000, 89, 4645445
2685000, 96, 4652648
2690000, 87, 4659912
2695000, 84, 4667424
2700000, 84, 4674677
2705000, 93, 4682083
2710000, 89, 4689463
2715000, 85, 4696923
2720000, 88, 4704012
